13311766,52519960,1,123300
13311766,52521960,2,122700
13311766,52523960,3,122300
13311766,52525960,4,122300
13311766,52527960,5,122300
13311766,52529960,6,122000
13311766,52531960,7,122600
13311766,52533960,8,122600
13311766,52535960,9,123600
13313766,52519960,10,123800
13313766,52521960,11,122700
13313766,52523960,12,122200
13313766,52525960,13,122200
13313766,52527960,14,122000
13313766,52529960,15,122000
13313766,52531960,16,122600
13313766,52533960,17,122600
13313766,52535960,18,122600
13315766,52519960,19,122900
13315766,52521960,20,122700
13315766,52523960,21,122700
13315766,52525960,22,122200
13315766,52527960,23,122000
13315766,52529960,24,122000
13315766,52531960,25,122600
13315766,52533960,26,122600
13315766,52535960,27,122600
13317766,52519960,28,122900
13317766,52521960,29,122700
13317766,52523960,30,122700
13317766,52525960,31,122200
13317766,52527960,32,122100
13317766,52529960,33,122100
13317766,52531960,34,122600
13317766,52533960,35,122600
13317766,52535960,36,122600
13319766,52519960,37,122900
13319766,52521960,38,122700
13319766,52523960,39,122700
13319766,52525960,40,121900
13319766,52527960,41,121900
13319766,52529960,42,121900
13319766,52531960,43,122600
13319766,52533960,44,122600
13319766,52535960,45,122600
13321766,52519960,46,122700
13321766,52521960,47,122700
13321766,52523960,48,122700
13321766,52525960,49,121800
13321766,52527960,50,121900
13321766,52529960,51,121900
13321766,52531960,52,122000
13321766,52533960,53,122600
13321766,52535960,54,122700
13323766,52519960,55,123300
13323766,52521960,56,122700
13323766,52523960,57,122600
13323766,52525960,58,121800
13323766,52527960,59,121800
13323766,52529960,60,122000
13323766,52531960,61,121900
13323766,52533960,62,121900
13323766,52535960,63,122800
13325766,52519960,64,123300
13325766,52521960,65,122600
13325766,52523960,66,122400
13325766,52525960,67,122000
13325766,52527960,68,121900
13325766,52529960,69,122000
13325766,52531960,70,121900
13325766,52533960,71,121900
13325766,52535960,72,122800
13327766,52519960,73,122800
13327766,52521960,74,122600
13327766,52523960,75,122400
13327766,52525960,76,122000
13327766,52527960,77,121700
13327766,52529960,78,122700
13327766,52531960,79,122700
13327766,52533960,80,121700
13327766,52535960,81,122800
13329766,52519960,82,122800
13329766,52521960,83,122600
13329766,52523960,84,122400
13329766,52525960,85,122000
13329766,52527960,86,123200
13329766,52529960,87,122700
13329766,52531960,88,122700
13329766,52533960,89,121700
13329766,52535960,90,121700
13331766,52519960,91,122800
13331766,52521960,92,123300
13331766,52523960,93,122200
13331766,52525960,94,123200
13331766,52527960,95,123200
13331766,52529960,96,123200
13331766,52531960,97,121900
13331766,52533960,98,121700
13331766,52535960,99,121700
13333766,52519960,100,123200
13333766,52521960,101,123300
13333766,52523960,102,122200
13333766,52525960,103,122200
13333766,52527960,104,121700
13333766,52529960,105,121700
13333766,52531960,106,121800
13333766,52533960,107,121800
13333766,52535960,108,121700
13335766,52519960,109,123200
13335766,52521960,110,123200
13335766,52523960,111,122200
13335766,52525960,112,122200
13335766,52527960,113,121700
13335766,52529960,114,121700
13335766,52531960,115,121800
13335766,52533960,116,121800
13335766,52535960,117,121800
13337766,52519960,118,None
13337766,52521960,119,123200
13337766,52523960,120,122100
13337766,52525960,121,121400
13337766,52527960,122,121500
13337766,52529960,123,121700
13337766,52531960,124,121800
13337766,52533960,125,121800
13337766,52535960,126,121800
13339766,52519960,127,None
13339766,52521960,128,123200
13339766,52523960,129,122100
13339766,52525960,130,122100
13339766,52527960,131,121500
13339766,52529960,132,121100
13339766,52531960,133,121700
13339766,52533960,134,121800
13339766,52535960,135,121500
13341766,52519960,136,122100
13341766,52521960,137,122100
13341766,52523960,138,121400
13341766,52525960,139,121200
13341766,52527960,140,121200
13341766,52529960,141,121100
13341766,52531960,142,121700
13341766,52533960,143,121700
13341766,52535960,144,121500
13343766,52519960,145,122100
13343766,52521960,146,122000
13343766,52523960,147,121500
13343766,52525960,148,121200
13343766,52527960,149,120900
13343766,52529960,150,121100
13343766,52531960,151,121300
13343766,52533960,152,121300
13343766,52535960,153,121500
13345766,52519960,154,122200
13345766,52521960,155,122000
13345766,52523960,156,121700
13345766,52525960,157,121800
13345766,52527960,158,121100
13345766,52529960,159,121100
13345766,52531960,160,121300
13345766,52533960,161,121300
13345766,52535960,162,121500
13347766,52519960,163,122200
13347766,52521960,164,122000
13347766,52523960,165,122000
13347766,52525960,166,121800
13347766,52527960,167,121800
13347766,52529960,168,120800
13347766,52531960,169,120800
13347766,52533960,170,120700
13347766,52535960,171,121500
13349766,52519960,172,122200
13349766,52521960,173,122000
13349766,52523960,174,121800
13349766,52525960,175,122300
13349766,52527960,176,122300
13349766,52529960,177,120800
13349766,52531960,178,120700
13349766,52533960,179,120700
13349766,52535960,180,120700
13351766,52519960,181,122600
13351766,52521960,182,122000
13351766,52523960,183,121700
13351766,52525960,184,122300
13351766,52527960,185,122300
13351766,52529960,186,121200
13351766,52531960,187,120700
13351766,52533960,188,120700
13351766,52535960,189,120700
13353766,52519960,190,122600
13353766,52521960,191,121700
13353766,52523960,192,121700
13353766,52525960,193,121600
13353766,52527960,194,121400
13353766,52529960,195,121200
13353766,52531960,196,120700
13353766,52533960,197,120700
13353766,52535960,198,120700
13355766,52519960,199,122600
13355766,52521960,200,122600
13355766,52523960,201,121600
13355766,52525960,202,121400
13355766,52527960,203,121400
13355766,52529960,204,121200
13355766,52531960,205,120700
13355766,52533960,206,120700
13355766,52535960,207,120500
13357766,52519960,208,122300
13357766,52521960,209,121600
13357766,52523960,210,121600
13357766,52525960,211,121400
13357766,52527960,212,121400
13357766,52529960,213,121200
13357766,52531960,214,122200
13357766,52533960,215,120800
13357766,52535960,216,122200
13359766,52519960,217,122300
13359766,52521960,218,122300
13359766,52523960,219,122400
13359766,52525960,220,121800
13359766,52527960,221,121800
13359766,52529960,222,122100
13359766,52531960,223,122200
13359766,52533960,224,122200
13359766,52535960,225,121500
13361766,52519960,226,122600
13361766,52521960,227,121900
13361766,52523960,228,122400
13361766,52525960,229,121800
13361766,52527960,230,121800
13361766,52529960,231,122100
13361766,52531960,232,122100
13361766,52533960,233,122200
13361766,52535960,234,121500
13363766,52519960,235,122600
13363766,52521960,236,121900
13363766,52523960,237,122400
13363766,52525960,238,121400
13363766,52527960,239,121500
13363766,52529960,240,122100
13363766,52531960,241,121700
13363766,52533960,242,121700
13363766,52535960,243,121500
13365766,52519960,244,122600
13365766,52521960,245,121900
13365766,52523960,246,121600
13365766,52525960,247,121400
13365766,52527960,248,121800
13365766,52529960,249,121800
13365766,52531960,250,121700
13365766,52533960,251,121700
13365766,52535960,252,121700
